1463729531	138	0			147	1	4	5			
1463729609	138	0			151	1	4	4			
1463730279	138	0			147	1	3	1			
1463730282	138	0			54	1	3	0			
1464088222	138	0			54	1	1				
1464088317	138	0			92	1	1				
1464145929	138	0			151	1	0		1464116920_1464145926		
1464146044	138	0			151	1	1		1464116920_1464145926		
1464146089	138	0			225	1	0		1464116920_1464146064		
1464146307	138	0			151	1	0		1464116920_1464146281		
1464146366	138	0			151	1	1		1464116920_1464146281		
1464146405	138	0			152	1	0		1464116920_1464146380		
1464146442	138	0			152	1	1		1464116920_1464146380		
1464146502	138	0			152	1	1		1464116920_1464146380		
1464146505	138	0			92	1	0		1464116920_1464146504		
1464146527	138	0			92	1	1		1464116920_1464146504		
1464146676	138	0			92	1	1		1464116920_1464146504		
1464146681	138	0			54	1	0		1464116920_1464146680		
1464146705	138	0			54	1	1		1464116920_1464146680		
1464146819	138	0			54	1	1		1464116920_1464146680		
1464146819	138	0			225	1	0		1464116920_1464146819		
1464147108	138	0			151	1	0		1464116920_1464147106		
1464147197	138	0			151	1	1		1464116920_1464147106		
1464147230	138	0			54	1	0		1464116920_1464147224		
1464176136	138	0				1	1				
1464176136	138	0			148	1	0		1464116920_1464176136		
1464176255	138	0			148	1	0		1464116920_1464176251		
1464176338	138	0			148	1	1		1464116920_1464176251		
1464176368	138	0			152	1	0		1464116920_1464176354		
1464176422	138	0			152	1	1		1464116920_1464176354		
1464176488	138	0			92	1	0		1464116920_1464176486		
1464176547	138	0			92	1	1		1464116920_1464176486		
1464176576	138	0			92	1	0		1464116920_1464176486		
1464176848	138	0			92	1	1		1464116920_1464176486		
1464176852	138	0			54	1	0		1464116920_1464176850		
1464177094	138	0			54	1	1		1464116920_1464176850		
1464177349	138	0			148	1	0		1464116920_1464177348		
1464177423	138	0			148	1	1		1464116920_1464177348		
1464177425	138	0			148	1	0		1464116920_1464177424		
1464177428	138	0			148	1	1		1464116920_1464177424		
1464177428	138	0			225	1	0		1464116920_1464177428		
1464227747	138	0			225	1	0		1464198945_1464227747		
1464227783	138	0			54	1	3	1			
1464227950	138	0			173	1	3	1			
1464228433	138	0			225	1	0		1464199283_1464228433		
1464228600	138	0			225	1	1		1464199283_1464228433		
1464228600	138	0			187	1	0		1464199283_1464228600		
1464228448	138	0			182	1	3	1			
1464229199	138	0			173	1	3	0			
1464229351	138	0			187	1	0		1464200045_1464229351		
1464230398	138	0			187	1	1		1464200045_1464229351		
1464230398	138	0			151	1	0		1464200045_1464230398		
1464231381	138	0			151	1	0		1464202579_1464231381		
1464231425	138	0			151	1	1		1464202579_1464231381		
1464231425	138	0			54	1	0		1464202594_1464231425		
1464233226	138	0			152	1	0		1464204329_1464233226		
1464332473	138	0			147	1	0		1464303671_1464332473		
1464332738	138	0			147	1	0		1464303937_1464332738		
1464333017	138	0			182	1	0		1464303937_1464333017		
1464333313	138	0			182	1	0		1464303937_1464333313		
1464333413	138	0			182	1	0		1464303937_1464333413		
1464333572	138	0			182	1	0		1464303937_1464333572		
1464333638	138	0			182	1	1		1464303937_1464333627		
1464334152	138	0			182	1	0		1464303937_1464334152		
1464334177	138	0			182	1	0		1464303937_1464334177		
1464490583	138	0			151	1	0		1464461782_1464490583		
1464661629	138	0			187	1	0		1464632827_1464661629		
1464661653	138	0			187	1	1		1464632827_1464661629		
1464661654	138	0			187	1	0		1464632827_1464661654		
1464661787	138	0			187	1	1		1464632827_1464661654		
1464661889	138	0			187	1	1		1464632983_1464661788		
1464661788	138	0			187	1	0		1464632983_1464661788		
1464675352	138	0			147	1	0		1464646549_1464675352		
1464675564	138	0			147	1	1		1464646549_1464675352		
1464676864	138	0			147	1	1		1464647802_1464676604		
1464770600	138	0			232	1	1		1464740025_1464768827		
1465267712	138	0			151	1	0		1465238910_1465267712		
1465267715	138	0			151	1	0		1465238910_1465267715		
1465284620	138	0			182	1	0		1465255819_1465284620		
1465284812	138	0			182	1	1		1465255819_1465284620		
1465284813	138	0			182	1	0		1465255993_1465284813		
1465284860	138	0			182	1	1		1465255993_1465284813		
1465284861	138	0			182	1	0		1465256058_1465284861		
1465285151	138	0			182	1	0		1465256349_1465285151		
1465285199	138	0			182	1	1		1465256349_1465285151		
1465285520	138	0			182	1	1		1465256397_1465285421		
1465285786	138	0			182	1	1		1465256873_1465285675		
1465285975	138	0			182	1	1		1465256873_1465285787		
1465286213	138	0			182	1	1		1465257173_1465285976		
1465286237	138	0			182	1	1		1465257396_1465286214		
1465286238	138	0			182	1	0		1465257435_1465286238		
1465286242	138	0			182	1	1		1465257435_1465286238		
1465286287	138	0			182	1	1		1465257435_1465286243		
1465286385	138	0			182	1	1		1465257435_1465286288		
1465286411	138	0			182	1	1		1465257435_1465286386		
1465286412	138	0			182	1	0		1465257609_1465286412		
1465286423	138	0			182	1	1		1465257609_1465286412		
1465286435	138	0			182	1	1		1465257609_1465286424		
1465286458	138	0			182	1	1		1465257609_1465286437		
1465286683	138	0			182	1	1		1465257746_1465286548		
1465286740	138	0			182	1	1		1465257746_1465286684		
1465286778	138	0			182	1	1		1465257746_1465286741		
1465286788	138	0			182	1	1		1465257746_1465286779		
1465286823	138	0			182	1	1		1465257746_1465286789		
1465286994	138	0			182	1	1		1465258022_1465286824		
1465286824	138	0			182	1	0		1465258022_1465286824		
1465287002	138	0			232	1	1		1465258022_1465286995		
1465287040	138	0			232	1	1		1465258022_1465287003		
1465287102	138	0			232	1	1		1465258238_1465287041		
1465287129	138	0			232	1	1		1465258294_1465287103		
1465287132	138	0			232	1	1		1465258294_1465287130		
1465287145	138	0			232	1	1		1465258294_1465287133		
1465287263	138	0			232	1	1		1465258294_1465287146		
1465287669	138	0			232	1	1		1465258294_1465287264		
1465287670	138	0			232	1	0		1465258867_1465287670		
1465287693	138	0			232	1	1		1465258867_1465287670		
1465287871	138	0			232	1	1		1465259004_1465287805		
1465287935	138	0			232	1	1		1465259061_1465287872		
1465288015	138	0			232	1	1		1465259061_1465287936		
1465288556	138	0			232	1	1		1465259061_1465288016		
1465287936	138	0			232	1	0		1465259061_1465287936		
1465289506	138	0			232	1	1		1465259061_1465288557		
1465289515	138	0			232	1	1		1465260704_1465289507		
1465287872	138	0			232	1	0		1465259061_1465287872		
1465288557	138	0			232	1	0		1465259061_1465288557		
1465728858	138	0			96	1	0		1465700056_1465728858		
1465729095	138	0			96	1	1		1465700056_1465728858		
1465729123	138	0			96	1	1		1465700056_1465728858		
1465729126	138	0			96	1	1		1465700056_1465728858		
1465729519	138	0			96	1	1		1465700056_1465729147		
1465729535	138	0			96	1	1		1465700056_1465729147		
1465729147	138	0			96	1	0		1465700056_1465729147		
1465729540	138	0			96	1	0		1465700056_1465729540		
1465729116	138	0			96	1	0		1465700056_1465729116		
1465729144	138	0			96	1	0		1465700056_1465729144		
1465734304	138	0			148	1	0		1465705502_1465734304		
1465734345	138	0			148	1	1		1465705502_1465734304		
1465734366	138	0			148	1	0		1465705502_1465734366		
1465734444	138	0			148	1	1		1465705502_1465734366		
1465734496	138	0			148	1	1		1465705643_1465734465		
1465734465	138	0			148	1	0		1465705643_1465734465		
1465894128	138	0			232	1	0		1465865282_1465894128		
1465894180	138	0			232	1	1		1465865282_1465894128		
1465894180	138	0			232	1	1		1465865282_1465894128		
1465894201	138	0			232	1	0		1465865282_1465894201		
1465894201	138	0			232	1	0		1465865282_1465894201		
1465907898	138	0			148	1	0		1465879096_1465907898		
1465963147	138	0			151	1	1		1465929878_1465958680		
1465963147	138	0			151	1	1		1465929878_1465958680		
1465972691	138	0			151	1	1		1465932581_1465963168		
1465958680	138	0			151	1	0		1465929878_1465958680		
1465963168	138	0			151	1	0		1465932581_1465963168		
1465963168	138	0			151	1	0		1465932581_1465963168		
1466507571	138	0			96	1	0		1466478768_1466507571		
1466507783	138	0			96	1	1		1466478768_1466507571		
1466507989	138	0			96	1	1		1466478768_1466507804		
1466508010	138	0			148	1	0		1466478768_1466508010		
1466508267	138	0			148	1	1		1466478768_1466508010		
1466508300	138	0			148	1	1		1466478768_1466508010		
1466508342	138	0			148	1	1		1466479466_1466508288		
1466508288	138	0			148	1	0		1466479466_1466508288		
1466508321	138	0			148	1	0		1466479498_1466508321		
1466508363	138	0			148	1	0		1466479540_1466508363		
1466508458	138	0			148	1	1		1466479540_1466508363		
1466508536	138	0			148	1	1		1466479657_1466508479		
1466508479	138	0			148	1	0		1466479657_1466508479		
1466508557	138	0			148	1	0		1466479735_1466508557		
1466596465	138	0			148	1	0		1466567664_1466596465		
1466596639	138	0			148	1	1		1466567744_1466596546		
1466596546	138	0			148	1	0		1466567744_1466596546		
1467701968	138	0			147	1	0		1467671940_1467701968		
1468204725	138	0			187	1	1		1468175573_1468204707		
1468204778	138	0			187	1	1		1468175573_1468204726		
1468204779	138	0			54	1	0		1468175573_1468204779		
1468204798	138	0			54	1	1		1468175573_1468204779		
1468204799	138	0			151	1	0		1468175573_1468204799		
1468218005	138	0			147	1	1		1468189166_1468217967		
1468548322	138	0			225	1	0		1468519520_1468548322		
1468549204	138	0			225	1	1		1468519520_1468548322		
1468549215	138	0			187	1	1		1468520383_1468549205		
1468549205	138	0			187	1	0		1468520383_1468549205		
1468840427	138	0			96	1	1		1468811616_1468840418		
1468841316	138	0			148	1	1		1468812483_1468841284		
1468841408	138	0			148	1	1		1468812483_1468841317		
1468842149	138	0			148	1	1		1468813164_1468842089		
1468842179	138	0			148	1	1		1468813164_1468842150		
1468842373	138	0			148	1	1		1468813164_1468842354		
1468842374	138	0			225	1	0		1468813164_1468842374		
1468842376	138	0			225	1	1		1468813164_1468842374		
1468908222	138	0			147	1	1		1468879301_1468908103		
1468908228	138	0			147	1	1		1468879301_1468908223		
1468908237	138	0			54	1	1		1468879301_1468908229		
1468908229	138	0			54	1	0		1468879301_1468908229		
1468908255	138	0			225	1	1		1468879301_1468908238		
1468908256	138	0			187	1	0		1468879301_1468908256		
1469108372	138	0			93	1	0		1469079569_1469108372		
1469109264	138	0			93	1	1		1469079569_1469108372		
1469344732	138	0			182	1	1		1469315834_1469344730		
1469344730	138	0			182	1	0		1469315834_1469344730		
1469344733	138	0			182	1	0		1469315834_1469344733		
1469344756	138	0			182	1	1		1469315834_1469344733		
1469345306	138	0			182	1	1		1469315834_1469344757		
1469345312	138	0			182	1	1		1469315834_1469345307		
1469345503	138	0			173	1	3	0			
1469345307	138	0			182	1	0		1469315834_1469345307		
1469345502	138	0			173	1	3	1			
1469345504	138	0			173	1	3	1			
1469345567	138	0			173	1	3	0			
1469345579	138	0			54	1	3	0			
1469345581	138	0			54	1	3	1			
1469345591	138	0			182	1	1		1469315834_1469345313		
1469345914	138	0			182	1	1		1469315834_1469345592		
1469345932	138	0			182	1	1		1469315834_1469345915		
1469345595	138	0			54	1	3	0			
1469345961	138	0			182	1	1		1469315834_1469345933		
1469345993	138	0			182	1	1		1469317159_1469345963		
1469345980	138	0			225	1	4	5			
1469345994	138	0			182	1	1		1469317159_1469345963		
1469345995	138	0			160	1	0		1469317159_1469345995		
1469345963	138	0			182	1	0		1469317159_1469345963		
1469345994	138	0			151	1	0		1469317159_1469345994		
1469348104	173	0			160	1	1		1469317159_1469345995		
1469348109	173	0			22	1	1		1469317262_1469348106		
1469348241	138	0			22	1	1		1469317262_1469348111		
1469348262	138	0			232	1	1		1469319434_1469348242		
1469348500	138	0			232	1	1		1469319434_1469348263		
1469349922	138	0			151	1	4	5			
1469349938	138	0			151	1	3	1			
1469349970	138	0			232	1	1		1469319697_1469348501		
1469349971	138	0			232	1	1		1469319697_1469348501		
1469349971	138	0			232	1	0		1469319697_1469349971		
1469349972	138	0			232	1	0		1469319697_1469349972		
1469365287	138	0			232	1	1		1469319697_1469349972		
1469366285	138	0			193	1	1		1469319697_1469365288		
1469366286	138	0			187	1	0		1469319697_1469366286		
1469366638	138	0			187	1	1		1469319697_1469366286		
1469366644	138	0			93	1	1		1469319697_1469366640		
1469366640	138	0			93	1	0		1469319697_1469366640		
1469345566	138	0			173	1	3	1			
1469348106	173	0			22	1	0		1469317262_1469348106		
1469366645	138	0			93	1	0		1469319697_1469366645		
1469591711	138	0			187	1	3	1			
1469591712	138	0			187	1	3	0			
1469591713	138	0			151	1	3	1			
1469594297	138	0			160	1	1		1469564471_1469594294		
1469594308	138	0			160	1	1		1469564471_1469594298		
1469594298	138	0			160	1	0		1469564471_1469594298		
1469594354	138	0			187	1	1		1469564471_1469594309		
1469594309	138	0			187	1	0		1469564471_1469594309		
1469602492	138	0			147	1	1		1469573683_1469602485		
1469602493	138	0			151	1	0		1469573683_1469602493		
1469602532	138	0			151	1	1		1469573683_1469602493		
1469602534	138	0			147	1	0		1469573683_1469602534		
1469602622	138	0			147	1	1		1469573683_1469602534		
1469602626	138	0			147	1	1		1469573683_1469602624		
1469602655	138	0			147	1	1		1469573683_1469602627		
1469602682	138	0			147	1	1		1469573683_1469602656		
1469602698	138	0			151	1	1		1469573883_1469602683		
1469602683	138	0			151	1	0		1469573883_1469602683		
1469602821	138	0			147	1	1		1469573883_1469602699		
1469602838	138	0			147	1	1		1469574019_1469602822		
1469602846	138	0			187	1	1		1469574019_1469602839		
1469602839	138	0			187	1	0		1469574019_1469602839		
1469602878	138	0			92	1	1		1469574019_1469602847		
1469602880	138	0			54	1	0		1469574019_1469602880		
1469602895	138	0			54	1	1		1469574019_1469602880		
1469602943	138	0			147	1	1		1469574019_1469602896		
1469603367	138	0			147	1	1		1469574136_1469602944		
1469603392	138	0			147	1	1		1469574136_1469603368		
1469603393	138	0			182	1	0		1469574136_1469603393		
1469603403	138	0			182	1	1		1469574136_1469603393		
1469603405	138	0			182	1	1		1469574136_1469603393		
1469603404	138	0			147	1	0		1469574136_1469603404		
1469603409	138	0			182	1	1		1469574136_1469603406		
1469603432	138	0			182	1	1		1469574136_1469603411		
1469603439	138	0			182	1	1		1469574136_1469603433		
1469603444	138	0			152	1	1		1469574136_1469603443		
1469603443	138	0			152	1	0		1469574136_1469603443		
1469603491	138	0			182	1	1		1469574136_1469603446		
1469603500	138	0			182	1	1		1469574136_1469603492		
1469603501	138	0			225	1	0		1469574136_1469603501		
1469603713	138	0			225	1	1		1469574136_1469603501		
1469603715	138	0			225	1	1		1469574136_1469603501		
1469603716	138	0			182	1	0		1469574863_1469603716		
1469603729	138	0			182	1	1		1469574863_1469603716		
1469603733	138	0			92	1	1		1469574863_1469603730		
1469603734	138	0			92	1	1		1469574863_1469603730		
1469603735	138	0			182	1	0		1469574863_1469603735		
1469603730	138	0			92	1	0		1469574863_1469603730		
1469603750	138	0			182	1	1		1469574863_1469603735		
1469602627	138	0			147	1	0		1469573683_1469602627		
1469603406	138	0			182	1	0		1469574136_1469603406		
1469618667	138	0			148	1	0		1469588801_1469618667		
1469618668	138	0			148	1	0		1469588801_1469618668		
1469618669	138	0			152	1	3	1			
1469618677	138	0			225	1	3	1			
1469618691	138	0			187	1	3	1			
